74
NULL 0 NULL 0
Joined 7 0,69,188,255,486,1218,0,30,486,1188 Latin 37 0 12 Joined	# Joined [4a 6f 69 6e 65 64 ]a
|Broken|0|1 f 0,69,186,255,892,2138,0,80,892,2058 Common 2 10 2 |Broken|0|1	# Broken
A 5 52,68,216,255,100,216,0,17,98,231 Latin 72 0 3 A	# A [41 ]A
B 5 62,68,216,255,91,227,0,27,106,227 Latin 29 0 4 B	# B [42 ]A
C 5 58,65,219,255,87,192,0,32,107,209 Latin 30 0 5 C	# C [43 ]A
D 5 59,68,216,255,93,230,0,27,107,236 Latin 31 0 6 D	# D [44 ]A
E 5 59,68,216,255,68,210,0,31,80,219 Latin 32 0 7 E	# E [45 ]A
F 5 57,68,216,255,68,210,0,31,77,209 Latin 33 0 8 F	# F [46 ]A
G 5 58,64,219,255,91,230,0,30,106,230 Latin 34 0 9 G	# G [47 ]A
H 5 59,68,216,255,91,258,0,27,107,244 Latin 35 0 10 H	# H [48 ]A
I 5 59,68,216,255,10,155,0,50,29,173 Latin 36 0 11 I	# I [49 ]A
J 5 0,64,216,255,39,242,0,30,62,234 Latin 37 0 12 J	# J [4a ]A
K 5 57,68,216,255,92,225,0,37,103,216 Latin 38 0 13 K	# K [4b ]A
L 5 59,68,216,255,64,193,0,31,74,206 Latin 39 0 14 L	# L [4c ]A
M 5 57,68,216,255,99,301,0,35,117,286 Latin 40 0 15 M	# M [4d ]A
N 5 59,68,216,255,87,262,0,27,104,249 Latin 41 0 16 N	# N [4e ]A
O 5 57,64,219,255,91,209,0,34,106,233 Latin 42 0 17 O	# O [4f ]A
P 5 57,68,216,255,87,225,0,32,97,230 Latin 43 0 18 P	# P [50 ]A
Q 5 7,64,219,255,91,205,0,30,106,227 Latin 44 0 19 Q	# Q [51 ]A
R 5 57,68,216,255,88,227,0,27,104,232 Latin 45 0 20 R	# R [52 ]A
S 5 57,64,219,255,87,174,0,30,100,200 Latin 46 0 21 S	# S [53 ]A
T 5 59,68,216,255,85,227,0,47,88,236 Latin 47 0 22 T	# T [54 ]A
U 5 58,64,216,255,91,214,0,39,106,220 Latin 48 0 23 U	# U [55 ]A
V 5 59,68,216,255,103,207,0,41,101,245 Latin 49 0 24 V	# V [56 ]A
W 5 54,68,216,255,106,314,0,41,117,318 Latin 50 0 25 W	# W [57 ]A
X 5 59,68,216,255,94,275,0,25,93,256 Latin 51 0 26 X	# X [58 ]A
Y 5 59,68,216,255,91,205,0,47,91,223 Latin 52 0 27 Y	# Y [59 ]A
Z 5 64,68,216,255,72,218,0,30,77,236 Latin 53 0 28 Z	# Z [5a ]A
b 3 58,64,216,255,87,180,0,25,100,200 Latin 4 0 29 b	# b [62 ]a
c 3 58,64,192,200,80,153,0,36,88,178 Latin 5 0 30 c	# c [63 ]a
d 3 57,65,216,255,88,174,0,28,100,200 Latin 6 0 31 d	# d [64 ]a
e 3 58,64,189,200,87,154,0,32,98,188 Latin 7 0 32 e	# e [65 ]a
f 3 0,68,216,255,54,175,0,42,55,193 Latin 8 0 33 f	# f [66 ]a
g 3 0,43,188,212,88,176,0,32,100,210 Latin 9 0 34 g	# g [67 ]a
h 3 59,68,216,255,87,187,0,25,101,208 Latin 10 0 35 h	# h [68 ]a
i 3 59,69,216,255,11,141,0,54,27,173 Latin 11 0 36 i	# i [69 ]a
j 3 0,47,216,255,36,145,0,49,50,173 Latin 12 0 37 j	# j [6a ]a
k 3 57,68,216,255,85,177,0,35,93,198 Latin 13 0 38 k	# k [6b ]a
l 3 59,68,216,255,11,147,0,56,27,173 Latin 14 0 39 l	# l [6c ]a
m 3 56,68,189,202,108,280,0,25,117,306 Latin 15 0 40 m	# m [6d ]a
n 3 59,68,188,202,87,187,0,25,101,208 Latin 16 0 41 n	# n [6e ]a
o 3 58,66,188,200,87,151,0,32,98,185 Latin 17 0 42 o	# o [6f ]a
p 3 0,47,192,226,87,180,0,25,100,200 Latin 18 0 43 p	# p [70 ]a
q 3 0,47,192,202,88,196,0,30,100,200 Latin 19 0 44 q	# q [71 ]a
r 3 59,68,186,202,58,173,0,40,69,180 Latin 20 0 45 r	# r [72 ]a
s 3 58,65,192,200,78,147,0,30,91,173 Latin 21 0 46 s	# s [73 ]a
t 3 58,66,206,254,57,167,0,47,59,180 Latin 22 0 47 t	# t [74 ]a
u 3 57,65,187,202,85,184,0,39,100,208 Latin 23 0 48 u	# u [75 ]a
v 3 59,68,187,197,84,173,0,32,84,218 Latin 24 0 49 v	# v [76 ]a
w 3 59,68,187,195,108,235,0,32,117,286 Latin 25 0 50 w	# w [77 ]a
x 3 59,68,187,201,85,189,0,25,84,218 Latin 26 0 51 x	# x [78 ]a
y 3 0,47,187,202,87,199,0,25,87,230 Latin 27 0 52 y	# y [79 ]a
z 3 46,68,186,199,65,151,0,32,68,173 Latin 28 0 53 z	# z [7a ]a
1 8 49,69,192,255,45,128,0,66,74,173 Common 54 2 54 1	# 1 [31 ]0
2 8 30,69,194,255,80,160,0,27,97,173 Common 55 2 55 2	# 2 [32 ]0
3 8 0,66,196,255,84,158,0,32,103,173 Common 56 2 56 3	# 3 [33 ]0
4 8 0,68,198,255,93,161,0,41,96,173 Common 57 2 57 4	# 4 [34 ]0
5 8 12,66,199,255,82,160,0,36,103,173 Common 58 2 58 5	# 5 [35 ]0
6 8 58,66,219,255,87,156,0,54,104,173 Common 59 2 59 6	# 6 [36 ]0
7 8 12,68,196,255,72,160,0,60,75,173 Common 60 2 60 7	# 7 [37 ]0
8 8 57,66,219,255,88,162,0,41,103,174 Common 61 2 61 8	# 8 [38 ]0
9 8 0,66,200,255,89,156,0,39,104,173 Common 62 2 62 9	# 9 [39 ]0
0 8 58,66,187,255,88,164,0,45,103,180 Common 63 2 63 0	# 0 [30 ]0
Ö 5 0,64,232,255,91,302,0,34,106,314 Latin 68 0 64 Ö	# Ö [d6 ]A
Ü 5 58,64,232,255,91,291,0,39,106,299 Latin 69 0 65 Ü	# Ü [dc ]A
Ä 5 64,68,232,255,100,240,0,27,98,248 Latin 70 0 66 Ä	# Ä [c4 ]A
ß 3 0,68,209,255,93,555,0,76,104,565 Latin 67 0 67 ß	# ß [df ]a
ö 3 58,66,219,255,87,248,0,32,98,256 Latin 64 0 68 ö	# ö [f6 ]a
ü 3 0,65,219,255,85,220,0,39,100,225 Latin 65 0 69 ü	# ü [fc ]a
ä 3 0,64,219,255,85,294,0,26,97,307 Latin 66 0 70 ä	# ä [e4 ]a
æ 3 0,66,174,232,102,419,0,43,117,427 Latin 73 0 71 æ	# æ [e6 ]a
a 3 58,65,186,200,85,164,0,26,97,185 Latin 3 0 72 a	# a [61 ]a
Æ 5 0,68,209,255,106,324,0,32,117,325 Latin 71 0 73 Æ	# Æ [c6 ]A
